[
   [
        1681879500000,
        0
    ],
    [
        1681881638490,
        58798.2
    ],
    [
        1681881642450,
        68778.2
    ],
    [
        1681881646010,
        -1141221.8
    ],
    [
        1681881652170,
        -1241221.8
    ],
    [
        1681881661690,
        -1241284.8
    ],
    [
        1681881661690,
        -4348491.08
    ],
    [
        1681881661770,
        -4348521.08
    ],
    [
        1681881661790,
        -4388521.08
    ],
    [
        1681881661800,
        -4718521.08
    ],
    [
        1681881666010,
        -4414840.47
    ],
    [
        1681881673020,
        -4414852.97
    ],
    [
        1681881673800,
        -4381321.97
    ],
    [
        1681881674880,
        -4383780.97
    ],
    [
        1681881674970,
        -4383810.97
    ],
    [
        1681881674970,
        -4383840.97
    ],
    [
        1681881675280,
        -4383870.97
    ],
    [
        1681881675890,
        -4383900.97
    ],
    [
        1681881676150,
        -4383930.97
    ],
    [
        1681881676150,
        -4383943.47
    ],
    [
        1681881677530,
        -4334018.47
    ],
    [
        1681881680520,
        -814018.47
    ],
    [
        1681881688200,
        -3184018.47
    ],
    [
        1681881688220,
        -5006931.45
    ],
    [
        1681881688300,
        -5006961.45
    ],
    [
        1681881688450,
        -6627733
    ],
    [
        1681881688540,
        -6627763
    ],
    [
        1681881688650,
        -6627793
    ],
    [
        1681881689510,
        -6627823
    ],
    [
        1681881689720,
        -33109375.15
    ],
    [
        1681881689760,
        -34132948.03
    ],
    [
        1681881689870,
        -34142948.03
    ],
    [
        1681881689880,
        -37102948.03
    ],
    [
        1681881689980,
        -37114308.04
    ],
    [
        1681881692950,
        -37114338.04
    ],
    [
        1681881693110,
        -38476528.28
    ],
    [
        1681881693110,
        -38476558.28
    ],
    [
        1681881703050,
        -38876558.28
    ],
    [
        1681881704090,
        -38876588.28
    ],
    [
        1681881707090,
        -39876588.28
    ],
    [
        1681881707150,
        -41263933.33
    ],
    [
        1681881707150,
        -75863933.33
    ],
    [
        1681881718130,
        -76071143.28
    ],
    [
        1681881718230,
        -76213972.37
    ],
    [
        1681881718270,
        -76214541.53
    ],
    [
        1681881718420,
        -76221321.53
    ],
    [
        1681881718460,
        -76222602.61
    ],
    [
        1681881718560,
        -76361920.64
    ],
    [
        1681881718610,
        -79265119.28
    ],
    [
        1681881718640,
        -81303402.73
    ],
    [
        1681881718690,
        -81308902.73
    ],
    [
        1681881719610,
        -81308932.73
    ],
    [
        1681881719620,
        -82048932.73
    ],
    [
        1681881719720,
        -82230978.13
    ],
    [
        1681881719930,
        -82330804.52
    ],
    [
        1681881719970,
        -82330867.52
    ],
    [
        1681881720110,
        -82340867.52
    ],
    [
        1681881720200,
        -89880867.52
    ],
    [
        1681881720800,
        -98043395.95
    ],
    [
        1681881720860,
        -98168395.95
    ],
    [
        1681881721120,
        -100083459.23
    ],
    [
        1681881721120,
        -101136720.78
    ]
]
